10,143
10,97
10,151
10,189
10,283
10,2
10,3
11,25
11,11
9,5
9,1
9,7
9,2
9,3
8,15
8,4
8,17
8,16
35,3
35,2
35,1
35,0
34,3
34,2
34,1
34,0
33,3
33,2
33,1
33,0
32,3
32,2
32,1
32,0
20,3
20,2
20,1
19,3
19,2
19,1
12,3
12,2
12,1
11,30
11,28
11,26
11,24
11,23
11,22
11,21
11,20
11,19
11,18
11,17
11,15
11,14
11,13
11,12
11,10
11,8
11,6
11,4
11,3
11,2
11,1
10,311
10,287
10,285
10,278
10,268
10,242
10,241
10,225
10,216
10,211
10,204
10,199
10,183
10,182
10,174
10,169
10,162
10,154
10,141
18,1
10,131
10,127
18,3
14,1
10,116
10,112
14,3
13,1
10,106
10,91
13,3
10,89
