10,130
10,176
10,162
10,96
10,94
10,144
10,2
10,3
9,7
9,4
9,6
9,2
9,3
8,9
8,13
8,5
8,4
8,6
8,8
35,3
35,2
35,1
35,0
34,3
34,2
34,1
34,0
33,3
33,2
33,1
33,0
32,3
32,2
32,1
32,0
20,3
20,2
20,1
19,3
19,2
19,1
12,3
12,2
12,1
11,30
11,29
11,28
11,27
11,26
11,25
11,24
11,23
11,22
11,21
11,20
11,19
11,18
11,17
11,16
11,15
11,14
11,13
11,12
11,11
11,10
11,9
11,8
11,7
11,6
11,5
11,4
11,3
11,2
11,1
10,312
10,311
10,310
10,308
10,294
10,290
10,287
10,285
10,284
10,283
10,278
10,269
10,268
10,256
10,255
10,254
10,252
10,251
10,242
10,241
10,240
10,238
18,1
10,225
18,3
